human_eye 190.270464 200.505404 206.414848 214.33311899999998
human_eye 219.099136 200.505404 229.477376 210.876351
human_eye 221.405184 263.88334199999997 244.468736 274.25428899999997
human_eye 259.459072 259.274318 274.450432 270.797521
human_eye 296.359936 335.327715 311.351296 343.39415
human_eye 319.423488 338.785126 333.2608 351.46058500000004
human_eye 321.729536 299.60585 342.486016 306.52002899999997
human_eye 358.6304 292.691671 375.927808 306.52002899999997
human_eye 490.090496 254.664651 512.0 267.340753
human_eye 520.072192 258.122062 538.522624 270.797521
human_eye 726.486016 289.23490300000003 756.468736 309.976797
human_eye 769.153024 291.539415 797.981696 312.281309
human_eye 811.820032 306.52002899999997 831.423488 322.652256
human_eye 853.332992 320.347744 877.549568 330.71869100000004
