toy 0.0 572.640942 53.12 617.478958
toy 40.32 345.890377 68.48 359.982348
toy 160.0 656.5520399999999 248.96 702.0299749999999
toy 181.12 536.7715 240.64 572.640942
toy 268.16 520.117426 325.12 557.268324
toy 303.36 667.44118 403.2 734.0566670000001
toy 403.84 532.927941 472.32 600.184156
toy 410.24 463.10962300000006 593.92 552.144118
toy 451.84 685.375901 478.08 753.9135719999999
toy 494.72 454.78258600000004 603.52 493.21493999999996
toy 508.8 692.422291 678.4 808.359272
toy 518.4 635.414488 596.48 689.860188
toy 593.92 514.352492 615.68 533.568669
toy 599.04 471.43666 699.52 521.398073
toy 610.56 521.398073 627.2 552.144118
toy 613.12 506.025455 629.76 525.241632
toy 631.04 525.241632 654.72 545.098537
toy 634.24 528.444463 652.16 561.751802
toy 642.56 586.732913 712.96 634.133032
toy 682.88 503.463352 781.44 550.862662
toy 714.88 662.956893 737.92 700.749328
toy 727.04 548.941287 794.88 592.497847
toy 750.72 645.0221720000001 769.92 681.5331510000001
toy 781.44 632.851576 800.64 668.721827
toy 785.28 714.84049 806.4 759.037778
toy 798.08 636.695135 814.72 681.5331510000001
toy 798.08 609.151921 821.76 636.695135
toy 806.4 707.7949090000001 823.04 749.430094
toy 821.76 529.72511 849.28 588.014369
toy 821.76 573.922398 914.56 660.39479
toy 828.8 220.98563099999998 1023.36 320.910075
toy 880.0 648.225003 899.2 694.984394
toy 912.0 662.956893 938.24 698.187225
toy 949.76 507.306102 960.64 538.052147
toy 961.92 604.6684429999999 984.32 646.303628
toy 977.28 596.341406 996.48 635.414488
