toy 44.16 577.280256 86.4 639.36
toy 62.08 279.680256 184.32 460.79999999999995
toy 97.28 469.76025599999997 184.32 546.560256
toy 104.96 165.759744 212.48 350.720256
toy 113.28 565.119744 158.08 635.52
toy 154.24 563.840256 185.6 627.2002560000001
toy 185.6 69.12 310.4 345.6
toy 216.32 572.7997439999999 293.12 636.800256
toy 240.0 471.03974400000004 296.96 545.28
toy 335.36 127.359744 451.84 435.200256
toy 350.08 545.28 417.28 623.360256
toy 372.48 0.0 466.56 202.88025599999997
toy 423.68 0.0 547.2 144.639744
toy 454.4 102.399744 503.04 199.040256
toy 492.8 96.63974400000001 556.16 193.28025599999998
toy 507.52 402.56025600000004 560.0 489.59999999999997
toy 517.76 514.5600000000001 619.52 615.680256
toy 604.16 112.640256 664.96 188.16
toy 614.4 230.39999999999998 863.36 439.68
toy 624.0 427.520256 686.08 480.63974399999995
toy 645.12 137.600256 717.44 224.000256
toy 670.08 190.719744 778.24 325.760256
toy 705.92 135.03974399999998 769.28 226.56
toy 746.88 432.63974399999995 784.0 476.799744
toy 765.44 108.80025599999999 800.64 173.43974400000002
toy 780.8 154.880256 822.4 215.679744
toy 816.64 426.24 905.6 479.36025600000005
toy 938.24 399.99974399999996 984.96 462.08025599999996
