human_face 99.171328 168.240307 144.144384 235.075013
human_face 183.351296 182.068022 239.855616 252.360139
human_face 211.026944 146.346157 242.161664 176.30674199999999
human_face 221.405184 239.68468 279.063552 292.691671
human_face 284.828672 306.52002899999997 329.801728 386.03019399999994
human_face 295.206912 152.107437 328.648704 194.743481
human_face 319.423488 269.645265 385.153024 346.851561
human_face 392.072192 172.84933099999998 485.477376 305.36713
human_face 477.405184 225.856322 545.441792 321.5
human_face 701.11744 273.102033 801.441792 386.03019399999994
human_face 793.3696 286.930391 879.855616 388.335349
