human_hand 218.000384 502.00012799999996 374.66624 645.333504
human_hand 312.667136 546.667008 386.666496 601.3332479999999
human_hand 528.666624 10.666752 590.666752 77.999616
human_hand 589.333504 0.0 641.333248 58.000128000000004
human_hand 667.333632 202.66675199999997 744.667136 271.33363199999997
human_hand 730.000384 280.66636800000003 789.332992 353.332992
human_hand 755.999744 503.33337600000004 908.66688 639.33312
human_hand 832.0 108.66662400000001 860.66688 170.666496
human_hand 853.999616 100.666368 998.66624 194.666496
human_hand 890.000384 419.33337600000004 1023.333376 732.0
