scissors 0.0 0.0 206.671872 144.317217
scissors 0.0 369.76415099999997 206.671872 489.898248
scissors 0.0 166.93935299999998 208.231424 329.97927899999996
scissors 0.0 890.865903 215.250944 1010.219508
scissors 0.0 529.68312 225.389568 675.56031
scissors 0.0 698.182446 225.389568 854.981469
scissors 797.05088 774.632244 1023.219712 922.069407
scissors 801.73056 600.671496 1023.219712 726.266004
scissors 807.189504 464.155155 1023.219712 566.347035
scissors 819.667968 104.532345 1023.219712 239.48871300000002
scissors 819.667968 258.990903 1023.219712 425.930256
